# Calibration Result
# Image: calibration_9points.bmp
# Image size: 800 x 600
ax=0.30251971
bx=-0.05234465
cx=-0.57775551
ay=0.23202661
by=-0.10584480
cy=4.35049868

# Reprojection Statistics
avg_error=78.25530328
max_error=184.85182309
