# 九点标定参数
# 仿射变换模型: X = ax*x + bx*y + cx
#                  Y = ay*x + by*y + cy
ax=0.09993920
bx=-0.00054145
cx=-49.79045868
ay=-0.00000658
by=-0.09968957
cy=49.83990097
