# 9-Point Calibration Parameters
a=0.1627906977
b=0.0872093023
c=0.9689922481
d=0.2325581395
e=-0.1075581395
f=4.3604651163
# Average Error: 110.008278 mm
# Max Error: 188.340189 mm
