# Calibration Result (Perfect Data Test)
# Image: calibration_9points.bmp
ax=0.33333334
bx=0.00000000
cx=-33.33333206
ay=0.00000000
by=-0.50000000
cy=250.00000000

avg_error=0.00001144
max_error=0.00001526
