# 九点标定参数
# 仿射变换模型: X = ax*x + bx*y + cx
#                  Y = ay*x + by*y + cy
ax=0.09984013
bx=-0.00029837
cx=-49.76476669
ay=-0.00015248
by=-0.10034194
cy=50.22823334
